B = [...
0.25833 
0.21167 
0.49833 
-37.47667 
0.12967
];

P = [...
0.00000         0.00000         0.00000         1.00000         0.00000 
0.00000         0.00000         1.00000         0.00000         0.00000 
0.00000         1.00000         0.00000         0.00000         0.00000 
0.00000         0.00000         0.00000         0.00000         1.00000 
1.00000         0.00000         0.00000         0.00000         0.00000 
];