X = [...
1  30   60  175  15 
1  40   60  175  15 
1  30   90  175  15 
1  40   90  175  15 
1  30   60  225  15 
1  40   60  225  15 
1  30   90  225  15 
1  40   90  225  15 
1  30   60  175  25 
1  40   60  175  25 
1  30   90  175  25 
1  40   90  175  25 
1  30   60  225  25 
1  40   60  225  25 
1  30   90  225  25 
1  40   90  225  25 
1  25   75  200  20 
1  45   75  200  20 
1  35   45  200  20 
1  35  105  200  20 
1  35   75  150  20 
1  35   75  250  20 
1  35   75  200  10 
1  35   75  200  30 
1  35   75  200  20 
1  35   75  200  20 
1  35   75  200  20 
1  35   75  200  20 
1  35   75  200  20 
1  35   75  200  20 
];

Y = [...
26.2
26.3
39.8
39.7
38.6
35.5
48.8
37.8
26.6
23.4
38.6
52.1
39.5
32.3
43.0
56.0
35.2
46.9
22.7
58.7
34.5
44.0
35.7
41.8
36.5
37.6
40.3
46.0
27.8
40.3
];


